273 0
145 0
279 0
65 0
125 0
372 0
179 0
160 0
110 0
334 0
73 0
299 0
337 0
215 0
255 0
90 0
312 0
207 0
260 0
184 0
95 0
56 0
317 0
227 0
359 0
99 0
13 0
2 0
313 0
188 0
194 0
241 0
236 0
136 0
316 0
315 0
138 0
283 1
375 1
63 1
238 1
363 1
155 1
192 1
301 1
31 1
253 1
17 1
21 1
148 1
240 1
129 1
306 1
39 1
243 1
171 1
54 1
265 1
9 1
100 1
156 1
141 1
383 1
185 1
193 1
40 1
104 1
285 1
137 1
284 1
201 2
144 2
371 2
64 2
211 2
232 2
178 2
191 2
72 2
352 2
336 2
333 2
46 2
89 2
311 2
206 2
175 2
321 2
23 2
94 2
7 2
33 2
358 2
113 2
86 2
314 2
268 3
346 3
288 3
60 3
343 3
233 3
109 3
246 3
77 3
295 3
213 3
219 3
376 3
377 3
307 3
82 3
258 3
103 3
27 3
164 3
226 3
355 3
22 3
57 3
382 3
345 4
366 4
287 4
122 4
342 4
59 4
349 4
76 4
296 4
218 4
212 4
153 4
242 4
81 4
205 4
149 4
181 4
257 4
163 4
42 4
11 4
108 4
102 4
322 4
55 4
354 4
379 4
280 5
274 5
124 5
66 5
6 5
152 5
234 5
111 5
385 5
74 5
384 5
221 5
351 5
250 5
329 5
305 5
91 5
261 5
183 5
326 5
230 5
96 5
360 5
195 5
162 5
67 6
289 6
267 6
367 6
271 6
190 6
70 6
356 6
330 6
247 6
126 6
87 6
222 6
34 6
165 6
43 6
182 6
12 6
150 6
318 6
92 6
157 6
115 6
380 6
119 6
117 6
362 6
187 6
140 6
286 7
198 7
266 7
120 7
364 7
199 7
196 7
294 7
244 7
339 7
347 7
28 7
18 7
331 7
302 7
50 7
167 7
177 7
35 7
323 7
256 7
3 7
146 7
106 7
327 7
69 8
197 8
270 8
369 8
237 8
209 8
378 8
159 8
30 8
249 8
297 8
214 8
127 8
239 8
48 8
304 8
15 8
319 8
173 8
26 8
52 8
263 8
1 8
8 8
235 8
229 8
168 8
186 8
105 8
269 9
290 9
68 9
368 9
208 9
189 9
292 9
71 9
248 9
29 9
130 9
308 9
88 9
47 9
223 9
93 9
172 9
262 9
158 9
139 9
51 9
14 9
134 9
132 9
142 9
357 9
381 9
309 9
276 10
282 10
151 10
374 10
62 10
203 10
154 10
293 10
79 10
216 10
252 10
20 10
131 10
16 10
84 10
38 10
32 10
225 10
170 10
338 10
98 10
264 10
53 10
135 10
133 10
176 10
291 11
344 11
341 11
58 11
365 11
121 11
231 11
75 11
348 11
245 11
19 11
228 11
166 11
303 11
80 11
204 11
147 11
36 11
10 11
101 11
324 11
353 11
112 11
85 11
202 12
272 12
278 12
143 12
370 12
210 12
200 12
335 12
332 12
350 12
298 12
254 12
128 12
161 12
310 12
49 12
45 12
259 12
5 12
41 12
25 12
320 12
174 12
107 12
44 12
275 13
61 13
281 13
373 13
277 13
123 13
180 13
78 13
300 13
251 13
217 13
220 13
83 13
340 13
37 13
169 13
224 13
325 13
97 13
4 13
24 13
114 13
118 13
116 13
328 13
361 13
