136 0
72 0
29 0
16 0
51 0
68 0
118 0
92 0
17 0
61 0
137 0
58 0
44 0
134 0
40 0
14 0
65 0
11 0
60 0
35 0
103 0
52 0
97 0
119 0
98 0
96 0
75 0
41 0
105 0
128 0
132 0
63 0
80 0
107 0
39 0
23 0
121 0
42 0
69 0
1 0
48 0
2 0
125 0
114 0
3 0
5 0
66 0
129 0
31 0
4 0
43 0
15 0
88 0
87 0
113 0
71 0
27 0
18 1
54 1
101 1
106 1
37 1
93 1
30 1
126 1
109 1
94 1
112 1
49 1
25 1
110 1
117 1
82 1
47 1
12 1
124 1
38 1
24 1
111 1
102 1
10 1
56 1
86 1
74 2
64 2
100 2
9 2
77 2
115 2
133 2
79 2
53 2
122 2
13 2
55 2
22 2
104 2
84 2
50 2
8 2
91 3
95 3
85 3
78 3
83 3
6 3
46 3
127 3
57 3
28 3
131 3
62 3
67 3
90 3
135 4
33 4
45 4
21 4
76 4
130 4
70 4
19 4
26 4
34 4
123 4
138 5
32 5
7 6
108 6
20 6
59 6
73 6
120 6
81 7
89 7
99 8
36 9
116 10
